  -0.0008382872 
  -0.0002902891 
  -0.0001274789 
   0.0001912901 
   0.0006147737 
   0.0010414091 
   0.0013372797 
   0.0013690678 
   0.0010460204 
   0.0003595195 
  -0.0005930040 
  -0.0016109029 
  -0.0024245038 
  -0.0027586088 
  -0.0024097606 
  -0.0013210730 
   0.0003705929 
   0.0023317431 
   0.0040843709 
   0.0051104239 
   0.0049863122 
   0.0035168861 
   0.0008311682 
  -0.0025915746 
  -0.0059841123 
  -0.0084430998 
  -0.0091463342 
  -0.0075818974 
  -0.0037336730 
   0.0018163288 
   0.0079437758 
   0.0131632760 
   0.0159455840 
   0.0150910510 
   0.0100873898 
   0.0013611336 
  -0.0096500873 
  -0.0206443312 
  -0.0288147760 
  -0.0313663912 
  -0.0260952756 
  -0.0119097408 
   0.0108170995 
   0.0401588475 
   0.0728390802 
   0.1047118322 
   0.1314339661 
   0.1492049817 
   0.1554347180 
   0.1492049817 
   0.1314339661 
   0.1047118322 
   0.0728390802 
   0.0401588475 
   0.0108170995 
  -0.0119097408 
  -0.0260952756 
  -0.0313663912 
  -0.0288147760 
  -0.0206443312 
  -0.0096500873 
   0.0013611336 
   0.0100873898 
   0.0150910510 
   0.0159455840 
   0.0131632760 
   0.0079437758 
   0.0018163288 
  -0.0037336730 
  -0.0075818974 
  -0.0091463342 
  -0.0084430998 
  -0.0059841123 
  -0.0025915746 
   0.0008311682 
   0.0035168861 
   0.0049863122 
   0.0051104239 
   0.0040843709 
   0.0023317431 
   0.0003705929 
  -0.0013210730 
  -0.0024097606 
  -0.0027586088 
  -0.0024245038 
  -0.0016109029 
  -0.0005930040 
   0.0003595195 
   0.0010460204 
   0.0013690678 
   0.0013372797 
   0.0010414091 
   0.0006147737 
   0.0001912901 
  -0.0001274789 
  -0.0002902891 
  -0.0008382872 

